UNITS=MM
#Layer_Color=16711935
#
#Feature symbol names
#
$0 r199.9996
$1 r99.9998
$2 r49.9999

#
#Feature attribute names
#

#
#Layer features
#
L 1.65280086 0.82959956 1.65280086 2.92960044 2 P 0
L 1.65280086 0.82959956 5.05279914 0.82959956 2 P 0
L 1.65280086 2.92960044 5.05279914 2.92960044 2 P 0
L 2.08999836 6.21199926 2.08999836 8.01200074 2 P 0
L 2.08999836 6.21199926 2.9899991 6.21199926 2 P 0
L 2.08999836 8.01200074 2.9899991 8.01200074 2 P 0
L 2.26499928 7.112 2.81499818 7.112 1 P 0
L 2.54 6.83699928 2.54 7.38700072 1 P 0
L 2.85279846 1.8796 3.852799 1.8796 1 P 0
L 2.9899991 6.21199926 2.9899991 8.01200074 2 P 0
L 3.20959988 4.31120042 3.20959988 9.81119958 2 P 0
L 3.20959988 4.31120042 10.70960012 4.31120042 2 P 0
L 3.20959988 9.81119958 10.70960012 9.81119958 2 P 0
L 3.31639926 3.1060009 3.31639926 4.00600164 2 P 0
L 3.31639926 3.1060009 5.11640074 3.1060009 2 P 0
L 3.31639926 4.00600164 5.11640074 4.00600164 2 P 0
L 3.3528 1.37959846 3.3528 2.379599 1 P 0
L 3.94139928 3.556 4.49140072 3.556 1 P 0
L 4.2164 3.28100182 4.2164 3.83100072 1 P 0
L 4.86680002 0.13439902 4.86680002 4.23439844 2 P 0
L 4.86680002 0.13439902 9.96679998 0.13439902 2 P 0
L 4.86680002 4.23439844 9.96679998 4.23439844 2 P 0
L 5.05279914 0.82959956 5.05279914 2.92960044 2 P 0
L 5.11640074 3.1060009 5.11640074 4.00600164 2 P 0
L 6.459601 7.0612 7.45960154 7.0612 1 P 0
L 6.91679846 2.1844 7.916799 2.1844 1 P 0
L 6.9596 6.561201 6.9596 7.561199 1 P 0
L 7.4168 1.68439846 7.4168 2.684399 1 P 0
L 9.5592011 0.11313414 9.5592011 2.32526586 0 P 0
L 9.5592011 0.11313414 10.6591989 0.11313414 0 P 0
L 9.5592011 2.32526586 10.6591989 2.32526586 0 P 0
L 9.96679998 0.13439902 9.96679998 4.23439844 2 P 0
L 10.17759966 2.60039866 10.17759966 3.8003988 2 P 0
L 10.17759966 2.60039866 12.3775978 2.60039866 2 P 0
L 10.17759966 3.8003988 12.3775978 3.8003988 2 P 0
L 10.6591989 0.11313414 10.6591989 2.32526586 0 P 0
L 10.70960012 4.31120042 10.70960012 9.81119958 2 P 0
L 11.00259928 3.2004 11.55259818 3.2004 1 P 0
L 11.2776 2.92539928 11.2776 3.47539818 1 P 0
L 12.3775978 2.60039866 12.3775978 3.8003988 2 P 0
