UNITS=MM
#Layer_Color=16711935
#
#Feature symbol names
#
$0 r99.9998
$1 r199.9996

#
#Feature attribute names
#

#
#Layer features
#
L 2.0154011 6.42039864 2.0154011 7.47039908 0 P 0
L 2.0154011 6.42039864 2.5654 6.42039864 0 P 0
L 2.0154011 7.47039908 2.5654 7.47039908 0 P 0
L 2.0368006 4.275201 2.0368006 5.275199 0 P 0
L 2.0368006 4.275201 2.6367994 4.275201 0 P 0
L 2.0368006 5.275199 2.6367994 5.275199 0 P 0
L 2.5654 6.42039864 2.5654 7.47039908 0 P 0
L 2.6367994 4.275201 2.6367994 5.275199 0 P 0
L 2.72219928 1.15139978 2.72219928 2.20140022 0 P 0
L 2.72219928 1.15139978 3.27219818 1.15139978 0 P 0
L 2.72219928 2.20140022 3.27219818 2.20140022 0 P 0
L 3.27219818 1.15139978 3.27219818 2.20140022 0 P 0
L 4.39999882 4.50959982 4.39999882 9.40960018 1 P 0
L 4.39999882 4.50959982 8.30000118 4.50959982 1 P 0
L 4.39999882 9.40960018 8.30000118 9.40960018 1 P 0
L 4.94039906 0.68360036 4.94039906 3.58359964 1 P 0
L 4.94039906 0.68360036 6.54040094 0.68360036 1 P 0
L 4.94039906 3.58359964 6.54040094 3.58359964 1 P 0
L 6.54040094 0.68360036 6.54040094 3.58359964 1 P 0
L 7.64980182 1.81179978 7.64980182 2.86180022 0 P 0
L 7.64980182 1.81179978 8.19980072 1.81179978 0 P 0
L 7.64980182 2.86180022 8.19980072 2.86180022 0 P 0
L 8.19980072 1.81179978 8.19980072 2.86180022 0 P 0
L 8.26339978 3.43339928 8.26339978 3.98339818 0 P 0
L 8.26339978 3.43339928 9.31340022 3.43339928 0 P 0
L 8.26339978 3.98339818 9.31340022 3.98339818 0 P 0
L 8.30000118 4.50959982 8.30000118 9.40960018 1 P 0
L 8.46259928 0.69419978 8.46259928 1.74420022 0 P 0
L 8.46259928 0.69419978 9.01259818 0.69419978 0 P 0
L 8.46259928 1.74420022 9.01259818 1.74420022 0 P 0
L 9.01259818 0.69419978 9.01259818 1.74420022 0 P 0
L 9.31340022 3.43339928 9.31340022 3.98339818 0 P 0
L 9.32619928 1.55779978 9.32619928 2.60780022 0 P 0
L 9.32619928 1.55779978 9.87619818 1.55779978 0 P 0
L 9.32619928 2.60780022 9.87619818 2.60780022 0 P 0
L 9.87619818 1.55779978 9.87619818 2.60780022 0 P 0
L 10.80339978 2.97620182 10.80339978 3.52620072 0 P 0
L 10.80339978 2.97620182 11.85340022 2.97620182 0 P 0
L 10.80339978 3.52620072 11.85340022 3.52620072 0 P 0
L 11.85340022 2.97620182 11.85340022 3.52620072 0 P 0
