UNITS=MM
#Layer_Color=32768
#
#Feature symbol names
#
$0 r49.9999
$1 r99.9998
$2 r199.9996

#
#Feature attribute names
#

#
#Layer features
#
L 1.84040018 6.04539812 1.84040018 7.8453996 0 P 0
L 1.84040018 6.04539812 2.74040092 6.04539812 0 P 0
L 1.84040018 7.8453996 2.74040092 7.8453996 0 P 0
L 1.9368008 3.97519906 1.9368008 5.57520094 0 P 0
L 1.9368008 3.97519906 2.7367992 3.97519906 0 P 0
L 1.9368008 5.57520094 2.7367992 5.57520094 0 P 0
L 2.0154011 6.94539886 2.5654 6.94539886 1 P 0
L 2.0868005 4.7752 2.5867995 4.7752 1 P 0
L 2.29039928 6.67039814 2.29039928 7.22039958 1 P 0
L 2.3368 4.5252005 2.3368 5.0251995 1 P 0
L 2.39719866 0.57639966 2.39719866 2.7763978 0 P 0
L 2.39719866 0.57639966 3.5971988 0.57639966 0 P 0
L 2.39719866 2.7763978 3.5971988 2.7763978 0 P 0
L 2.69393416 4.25960032 2.69393416 9.65959968 2 P 0
L 2.69393416 4.25960032 10.00606584 4.25960032 2 P 0
L 2.69393416 9.65959968 10.00606584 9.65959968 2 P 0
L 2.72219928 1.6764 3.27219818 1.6764 1 P 0
L 2.7367992 3.97519906 2.7367992 5.57520094 0 P 0
L 2.74040092 6.04539812 2.74040092 7.8453996 0 P 0
L 2.9972 1.40139928 2.9972 1.95139818 1 P 0
L 3.5971988 0.57639966 3.5971988 2.7763978 0 P 0
L 3.98729962 0.58360056 3.98729962 3.68359944 2 P 0
L 3.98729962 0.58360056 7.49349784 0.58360056 2 P 0
L 3.98729962 3.68359944 7.49349784 3.68359944 2 P 0
L 7.4748009 1.43679926 7.4748009 3.23680074 0 P 0
L 7.4748009 1.43679926 8.37480164 1.43679926 0 P 0
L 7.4748009 3.23680074 8.37480164 3.23680074 0 P 0
L 7.49349784 0.58360056 7.49349784 3.68359944 2 P 0
L 7.64980182 2.3368 8.19980072 2.3368 1 P 0
L 7.6884022 3.10839866 7.6884022 4.3083988 0 P 0
L 7.6884022 3.10839866 9.88840034 3.10839866 0 P 0
L 7.6884022 4.3083988 9.88840034 4.3083988 0 P 0
L 7.9248 2.06179928 7.9248 2.61180072 1 P 0
L 8.28759836 0.31919926 8.28759836 2.11920074 0 P 0
L 8.28759836 0.31919926 9.1875991 0.31919926 0 P 0
L 8.28759836 2.11920074 9.1875991 2.11920074 0 P 0
L 8.37480164 1.43679926 8.37480164 3.23680074 0 P 0
L 8.46259928 1.2192 9.01259818 1.2192 1 P 0
L 8.51340182 3.7084 9.06340072 3.7084 1 P 0
L 8.7376 0.94419928 8.7376 1.49420072 1 P 0
L 8.7884 3.43339928 8.7884 3.98339818 1 P 0
L 9.15119836 1.18279926 9.15119836 2.98280074 0 P 0
L 9.15119836 1.18279926 10.0511991 1.18279926 0 P 0
L 9.15119836 2.98280074 10.0511991 2.98280074 0 P 0
L 9.1875991 0.31919926 9.1875991 2.11920074 0 P 0
L 9.32619928 2.0828 9.87619818 2.0828 1 P 0
L 9.6012 1.80779928 9.6012 2.35780072 1 P 0
L 9.88840034 3.10839866 9.88840034 4.3083988 0 P 0
L 10.00606584 4.25960032 10.00606584 9.65959968 2 P 0
L 10.0511991 1.18279926 10.0511991 2.98280074 0 P 0
L 10.22839966 2.6512012 10.22839966 3.85120134 0 P 0
L 10.22839966 2.6512012 12.4283978 2.6512012 0 P 0
L 10.22839966 3.85120134 12.4283978 3.85120134 0 P 0
L 11.05339928 3.2512 11.60339818 3.2512 1 P 0
L 11.3284 2.97620182 11.3284 3.52620072 1 P 0
L 12.4283978 2.6512012 12.4283978 3.85120134 0 P 0
