UNITS=MM
#Layer_Color=9474304
#
#Feature symbol names
#
$0 r127

#
#Feature attribute names
#

#
#Layer features
#
L 1.3232003 3.6576 1.6231997 3.6576 0 P 0
L 1.34431532 6.38619754 1.64431472 6.38619754 0 P 0
L 1.4732 3.5076003 1.4732 3.8075997 0 P 0
L 1.49431502 6.23619784 1.49431502 6.53619724 0 P 0
L 1.7296003 2.8956 2.0295997 2.8956 0 P 0
L 1.8796 2.7456003 1.8796 3.0455997 0 P 0
L 2.4916003 8.0772 2.7915997 8.0772 0 P 0
L 2.6416 7.9272003 2.6416 8.2271997 0 P 0
L 4.8284003 0.4064 5.1283997 0.4064 0 P 0
L 4.9784 0.2564003 4.9784 0.5563997 0 P 0
L 5.10599944 2.37456472 5.40599884 2.37456472 0 P 0
L 5.25599914 2.22456502 5.25599914 2.52456442 0 P 0
L 5.4888003 6.6548 5.7887997 6.6548 0 P 0
L 5.6388 6.5048003 5.6388 6.8047997 0 P 0
L 6.2000003 5.08 6.4999997 5.08 0 P 0
L 6.35 4.9300003 6.35 5.2299997 0 P 0
L 7.3176003 3.81 7.6175997 3.81 0 P 0
L 7.33467672 6.39445 7.63467612 6.39445 0 P 0
L 7.33467672 7.61365 7.63467612 7.61365 0 P 0
L 7.4676 3.6600003 7.4676 3.9599997 0 P 0
L 7.4833988 5.17021826 7.7833982 5.17021826 0 P 0
L 7.48467642 6.2444503 7.48467642 6.5444497 0 P 0
L 7.48467642 7.4636503 7.48467642 7.7636497 0 P 0
L 7.6333985 5.02021856 7.6333985 5.32021796 0 P 0
L 9.91468934 3.85672076 10.21468874 3.85672076 0 P 0
L 10.06468904 3.70672106 10.06468904 4.00672046 0 P 0
L 10.7212003 0.3134995 11.0211997 0.3134995 0 P 0
L 10.85000116 1.39999974 12.34999816 1.39999974 0 P 0
L 10.85000116 8.60000058 12.34999816 8.60000058 0 P 0
L 10.8712 0.1634998 10.8712 0.4634992 0 P 0
L 11.59999966 0.65000124 11.59999966 2.14999824 0 P 0
L 11.59999966 7.85000208 11.59999966 9.34999908 0 P 0
